2.708    1.083    
2.167    1.083    
2.437    1.552    
2.979    1.552    
3.250    1.083    
2.979    0.614    
2.437    0.614    
2.437    0.614    
2.167    2.021    
2.437    2.490    
2.979    2.490    
3.250    2.021    
3.250    2.021    
3.250    2.960    
2.979    3.429    
2.437    3.429    
2.167    2.960    
2.167    2.960    
2.167    3.898    
2.437    4.367    
2.979    4.367    
3.250    3.898    
3.250    3.898    
3.250    4.836    
2.979    5.305    
2.437    5.305    
2.167    4.836    
2.167    4.836    
2.167    5.774    
2.437    6.243    
2.979    6.243    
3.250    5.774    
3.250    5.774    
3.791    5.792    
4.062    6.261    
3.791    6.730    
3.250    6.730    
3.250    6.730    
4.062    7.218    
4.604    7.218    
4.875    6.749    
4.604    6.280   
